"white":(255,255,255)
"black":(0,0,0)
"red":(255,0,0)
"green":(0,255,0)
"blue":(0,0,255)
"yellow":(255,255,0)
"cyan":(0,255,255)
"magenta":(255,0,255)
"LightGray":(211,211,211)
"DarkGray":(169,169,169)
"LightRed":255,102,102)
"DarkRed":(139,0,0)
"LightGreen":(144,238,144)
"DarkGreen":(0,100,0)
"LightBlue":(173,216,230)
"DarkBlue":(0,0,139)
"Orange":(255,165,0)
"Pink":(255,192,203)
"Purple":(128,0,128)
"Brown":(165,42,42)
"Lime":(0,255,0)
"Olive":(128,128,0)
Maroon":(128,0,0)
"Navy":(0,0,128)
"Teal":(0,128,128)
"Coral":(255,127,80)
"Turquoise":(64,224,208)
"Silver":(192,192,192)
"Gold":(255,215,0)
"Salmon":(250,128,114)
"Khaki":(240,230,140)
"Lavender":(230,230,250)
"Plum":(221,160,221)
"Wheat":(245,222,179)
"Beige":(245,245,220)
"Mint":(189,252,201)
"Chocolate":(210,105,30)
"Tomato":(255,99,71)
"Crimson":(220,20,60)
